81 28 82 58 81 28 40 98 81 28 82 58 81 28 80 2C
18 82 81 28 18 82 18 82 18 82 81 28 18 82 40 8A
25 88 00 9A 25 88 00 8D 25 88 00 9A 25 88 00 8D
09 A0 08 D0 09 A0 9A 00 09 A0 08 D0 09 A0 82 18
9A 00 82 18 9A 00 A4 08 9A 00 82 18 9A 00 D2 08
00 9A 00 9A 00 9A 09 A0 00 9A 00 9A 00 9A 00 8D
21 88 10 C8 21 88 08 A4 21 88 10 C8 21 88 08 A4
80 58 81 28 80 58 40 98 80 58 81 28 80 58 40 98


AB CC AB CC AB CC 96 83 AB CC AB CC AB CC 96 83
C9 80 C9 80 C9 80 8D 20 C9 80 C9 80 C9 80 8D 20
B5 40 B5 40 B5 40 89 70 B5 40 B5 40 B5 40 89 70


s1 = 0 0 0 0 0 0 0 0 0 0 0 0 0 0 0 0 0 0 0 0 0 0 0 0 0 0 0 0 1 2 3 4 0 0 0 0 0 0 0 0 0 0 0 0 0 0 0 0 0 0 0 0 0 0 0 0 0 0 0 0 -1 -2 -3 -4
s2 = 0 2 0 -2
s4 = 0 0 0 0 0 0 0 0 0 0 0 0 0 0 0 0 0 0 0 0 0 0 0 0 0 0 0 0 1 2 3 4 0 0 0 0 0 0 0 0 0 0 0 0 0 0 0 0 0 0 0 0 0 0 0 0 0 0 0 0 -1 -2 -3 -4
s8 = 0 0 2 -2
s16 = 0 -1 0 1
s32 = 4 0 -4 0
s64 = 3 6
s128 = 0