4 14 34 46 64

0 1 2 3 0 1 2 3 0 1 2 3 0 1 0 1 2 3 0 1 2 3 0 1 2 3 0 1 0 1 2 3 0 1 0 1 2 3 0 1 2 3 0 1 2 3 0 1 2 3 0 1 2 3 0 1 2 3 0 1 0 1 2 3

88 8A 22 28 A2 22 22 28
44 45 11 14 51 11 11 14
22 20 88 82 08 88 88 82
11 10 44 41 04 44 44 41


8 28 68 92 128

0 1 2 3 4 5 6 7 0 1 2 3 4 5 6 7 0 1 2 3 4 5 6 7 0 1 2 3 0 1 2 3 4 5 6 7 0 1 2 3 4 5 6 7 0 1 2 3 4 5 6 7 0 1 2 3 0 1 2 3 4 5 6 7 0 1 2 3 0 1 2 3 4 5 6 7 0 1 2 3 4 5 6 7 0 1 2 3 4 5 6 7 0 1 2 3 4 5 6 7 0 1 2 3 4 5 6 7 0 1 2 3 4 5 6 7 0 1 2 3 0 1 2 3 4 5 6 7
80 80 80 88 08 08 08 80 88 08 08 08 08 08 08 80
40 40 40 44 04 04 04 40 44 04 04 04 04 04 04 40
20 20 20 22 02 02 02 20 22 02 02 02 02 02 02 20
10 10 10 11 01 01 01 10 11 01 01 01 01 01 01 10
08 08 08 00 80 80 80 08 00 80 80 80 80 80 80 08
04 04 04 00 40 40 40 04 00 40 40 40 40 40 40 04
02 02 02 00 20 20 20 02 00 20 20 20 20 20 20 02
01 01 01 00 10 10 10 01 00 10 10 10 10 10 10 01


0 2 4 0 3 1 1 3

1.
s1 = 0 2 4 0 3 1 1 3 0 2 4 0 3 1 1 3 0 2 4 0 3 1 1 3 0 2 4 0 0 2 4 0 3 1 1 3 0 2 4 0 3 1 1 3 0 2 4 0 3 1 1 3 0 2 4 0 0 2 4 0 3 1 1 3 0 2 4 0 0 2 4 0 3 1 1 3 0 2 4 0 3 1 1 3 0 2 4 0 3 1 1 3 0 2 4 0 3 1 1 3 0 2 4 0 3 1 1 3 0 2 4 0 3 1 1 3 0 2 4 0 0 2 4 0 3 1 1 3
s2 = 2 0 3 1 2 0 3 1 2 0 3 1 2 0 2 0 3 1 2 0 3 1 2 0 3 1 2 0 2 0 3 1 2 0 2 0 3 1 2 0 3 1 2 0 3 1 2 0 3 1 2 0 3 1 2 0 3 1 2 0 2 0 3 1
s4 = 0
s8 = 0
s16 = 0 2 4 0 3 1 1 3
s32 = 0
s64 = 0
s128 = -8

2.
s1 = 1 2 3 1 0 4 4 0 1 2 3 1 0 4 4 0 1 2 3 1 0 4 4 0 1 2 3 1 1 2 3 1 0 4 4 0 1 2 3 1 0 4 4 0 1 2 3 1 0 4 4 0 1 2 3 1 1 2 3 1 0 4 4 0 1 2 3 1 1 2 3 1 0 4 4 0 1 2 3 1 0 4 4 0 1 2 3 1 0 4 4 0 1 2 3 1 0 4 4 0 1 2 3 1 0 4 4 0 1 2 3 1 0 4 4 0 1 2 3 1 1 2 3 1 0 4 4 0
s2 = 2 1 0 4 2 1 0 4 2 1 0 4 2 1 2 1 0 4 2 1 0 4 2 1 0 4 2 1 2 1 0 4 2 1 2 1 0 4 2 1 0 4 2 1 0 4 2 1 0 4 2 1 0 4 2 1 0 4 2 1 2 1 0 4
s4 = 0
s8 = 0
s16 = 1 2 3 1 0 4 4 0
s32 = 0
s64 = 0
s128 = -8

3.
s1 = 4 2 0 4 1 3 3 1 4 2 0 4 1 3 3 1 4 2 0 4 1 3 3 1 4 2 0 4 4 2 0 4 1 3 3 1 4 2 0 4 1 3 3 1 4 2 0 4 1 3 3 1 4 2 0 4 4 2 0 4 1 3 3 1 4 2 0 4 4 2 0 4 1 3 3 1 4 2 0 4 1 3 3 1 4 2 0 4 1 3 3 1 4 2 0 4 1 3 3 1 4 2 0 4 1 3 3 1 4 2 0 4 1 3 3 1 4 2 0 4 4 2 0 4 1 3 3 1
s2 = 2 4 1 3 2 4 1 3 2 4 1 3 2 4 2 4 1 3 2 4 1 3 2 4 1 3 2 4 2 4 1 3 2 4 2 4 1 3 2 4 1 3 2 4 1 3 2 4 1 3 2 4 1 3 2 4 1 3 2 4 2 4 1 3
s4 = 0
s8 = 0
s16 = 4 2 0 4 1 3 3 1
s32 = 0
s64 = 0
s128 = -8

4.
s1 = 3 2 1 3 4 0 0 4 3 2 1 3 4 0 0 4 3 2 1 3 4 0 0 4 3 2 1 3 3 2 1 3 4 0 0 4 3 2 1 3 4 0 0 4 3 2 1 3 4 0 0 4 3 2 1 3 3 2 1 3 4 0 0 4 3 2 1 3 3 2 1 3 4 0 0 4 3 2 1 3 4 0 0 4 3 2 1 3 4 0 0 4 3 2 1 3 4 0 0 4 3 2 1 3 4 0 0 4 3 2 1 3 4 0 0 4 3 2 1 3 3 2 1 3 4 0 0 4
s2 = 2 3 4 0 2 3 4 0 2 3 4 0 2 3 2 3 4 0 2 3 4 0 2 3 4 0 2 3 2 3 4 0 2 3 2 3 4 0 2 3 4 0 2 3 4 0 2 3 4 0 2 3 4 0 2 3 4 0 2 3 2 3 4 0
s4 = 0
s8 = 0
s16 = 4 2 0 4 1 3 3 1
s32 = 0
s64 = 0
s128 = -8

5.
s1 = 1 2 1 1 1 0 1 1 1 0 0 1 0 0 0 1 2 0 2 4 2 2 0 5 0 0 1 0 2 2 2 4 2 0 2 4 2 2 0 5 0 0 1 0 2 2 2 4 1 2 1 1 1 0 1 1 1 0 0 1 0 0 0 1 3 2 2 3 0 0 0 4 3 1 2 0 0 1 0 0 0 0 2 0 2 0 2 3 2 0 2 0 0 2 0 1 1 2 0 6 2 1 6 3 6 2 6 4 6 0 4 4 3 2 2 3 0 0 0 4 3 1 2 0 0 1 0 0
s2 = 0
s4 = 0
s8 = 4 2 0 4 1 3 3 1
s16 = 0 2 4 0 3 1 1 3
s32 = 0
s64 = -1 1
s128 = -8


1 4 2 0 3

0 2 4 0 3 1 1 3
1 2 3 1 0 4 4 0
4 2 0 4 1 3 3 1
3 2 1 3 4 0 0 4

global
00 01 55 60 0D 54 00 01 0A 80 60 55 60 55 0A 80
24 01 00 01 0A 80 24 01 03 55 24 80 24 80 03 55
00 00 20 00 88 20 00 00 82 08 20 00 20 00 82 08
02 00 00 00 A8 00 02 00 03 55 02 00 02 00 03 55
00 01 55 60 0A 80 00 01 02 00 50 35 50 35 02 00
20 09 00 01 0A 80 20 09 03 55 24 80 24 80 03 55
04 04 15 58 0D 54 04 04 02 00 04 00 04 00 02 00
02 02 02 02 A8 00 02 02 02 02 00 20 00 20 02 02
02 00 55 40 88 80 02 00 80 80 20 20 20 20 80 80
01 01 00 80 08 00 01 01 08 08 50 15 50 15 08 08
00 08 08 08 88 80 00 08 08 08 00 08 00 08 08 08
00 80 80 00 88 80 00 80 80 80 80 80 80 80 80 80

intro/outro 0 2 4 0 3 1 1 3
9A 00 8D 00 8D 00 9A 00 8D 00 8A 40 8A 40 8D 00
09 A0 00 9A 00 9A 09 A0 00 9A 09 A0 09 A0 00 9A
22 89 22 89 22 89 22 89 22 89 22 89 22 89 22 89
A4 08 C8 10 D2 08 A4 08 82 18 C8 10 C8 10 82 18
8A 40 08 D0 8A 40 8A 40 8A 40 8D 20 8D 20 8A 40
1A C0 01 AC 1A C0 1A C0 01 AC 01 AC 01 AC 01 AC
2C 80 8D 20 8A 40 2C 80 2C 80 8A 40 8A 40 2C 80
20 8D 09 A0 09 A0 20 8D 08 D0 8D 00 8D 00 08 D0
20 8D 00 8D 25 88 20 8D 00 8D 00 8D 00 8D 00 8D
88 05 84 09 88 25 88 05 88 12 88 12 88 12 88 12
58 80 98 40 8C 20 58 80 25 88 98 40 98 40 25 88
18 82 18 82 81 28 18 82 81 28 18 82 18 82 81 28

verse 1 2 3 1 0 4 4 0
11 34 00 00 08 00 11 34 16 44 11 34 11 34 16 44
00 00 06 25 00 20 00 00 00 00 00 00 00 00 00 00
00 80 00 08 62 50 00 80 00 00 00 00 00 00 00 00
20 00 00 40 00 04 20 00 00 00 00 00 00 00 00 00
00 00 00 00 01 00 00 00 16 44 00 80 00 80 16 44
00 08 01 00 00 20 00 08 00 00 00 00 00 00 00 00
04 00 01 00 08 00 04 00 00 00 00 00 00 00 00 00
80 80 08 08 08 08 80 80 08 08 34 11 34 11 08 08
00 00 00 02 01 00 00 00 00 00 00 02 00 02 00 00
08 08 08 08 01 01 08 08 44 16 08 08 08 08 44 16
11 34 40 00 00 08 11 34 00 00 00 00 00 00 00 00
00 80 00 00 01 00 00 80 01 00 00 80 00 80 01 00

pre-chorus, chorus 4 2 0 4 1 3 3 1
08 D2 08 D2 8D 20 08 D2 2C 80 58 80 58 80 2C 80
10 C8 8D 00 00 9A 10 C8 09 A0 08 D0 08 D0 09 A0
8A 24 8A 24 8A 24 8A 24 8A 24 8A 24 8A 24 8A 24
C0 1A C0 1A C0 1A C0 1A C0 1A C0 1A C0 1A C0 1A
84 09 84 09 8C 20 84 09 88 12 84 09 84 09 88 12
80 2C 98 40 98 40 80 2C 8C 20 8C 20 8C 20 8C 20
22 89 22 89 22 89 22 89 22 89 22 89 22 89 22 89
80 58 80 58 8C 20 80 58 80 2C 81 28 81 28 80 2C
8D 00 9A 00 8D 00 8D 00 8D 00 8D 00 8D 00 8D 00
20 8C 82 18 82 18 20 8C A4 08 28 81 28 81 A4 08
89 22 89 22 89 22 89 22 89 22 89 22 89 22 89 22
28 81 82 18 82 18 28 81 28 81 28 81 28 81 28 81

bridge 3 2 1 3 4 0 0 4
CA 0A CA 0A A0 AC CA 0A 25 06 25 06 25 06 25 06
80 00 80 00 10 4B 80 00 00 40 00 10 00 10 00 40
80 80 02 02 08 08 80 80 00 00 00 00 00 00 00 00
80 80 02 02 08 08 80 80 00 00 00 00 00 00 00 00
08 08 08 08 20 20 08 08 00 00 00 00 00 00 00 00
02 02 80 80 20 20 02 02 00 00 00 00 00 00 00 00
80 00 B1 04 10 4B 80 00 00 40 00 80 00 80 00 40
80 00 80 00 00 08 80 00 00 80 10 00 10 00 00 80
80 00 02 02 80 80 80 00 00 00 00 00 00 00 00 00
80 00 08 08 20 20 80 00 00 00 00 00 00 00 00 00
B1 04 80 00 00 08 B1 04 10 00 00 40 00 40 10 00
80 00 80 00 00 08 80 00 02 00 00 10 00 10 02 00