25 88 00 8D 08 D0 20 8D 20 8D 
24 8A 24 8A 24 8A 24 8A 24 8A 
28 92 28 92 28 92 28 92 28 92 
98 40 58 80 12 88 25 88 12 88 
98 40 98 40 98 40 8C 20 80 2C 
09 A0 00 9A 00 8D 08 A4 08 D2 
80 58 80 2C 80 2C 40 98 40 98 
58 80 58 80 2C 80 8D 20 08 D0 
88 25 88 05 08 C2 88 05 08 C2 
40 98 80 2C 8C 20 8C 20 88 12 

0 1 0 2 0 3 0 4 

25 88 00 8D 25 88 08 D0 25 88 20 8D 25 88 20 8D
24 8A 24 8A 24 8A 24 8A 24 8A 24 8A 24 8A 24 8A
28 92 28 92 28 92 28 92 28 92 28 92 28 92 28 92
98 40 58 80 98 40 12 88 98 40 25 88 98 40 12 88
98 40 98 40 98 40 98 40 98 40 8C 20 98 40 80 2C
09 A0 00 9A 09 A0 00 8D 09 A0 08 A4 09 A0 08 D2
80 58 80 2C 80 58 80 2C 80 58 40 98 80 58 40 98
58 80 58 80 58 80 2C 80 58 80 8D 20 58 80 08 D0
88 25 88 05 88 25 08 C2 88 25 88 05 88 25 08 C2
40 98 80 2C 40 98 8C 20 40 98 8C 20 40 98 88 12