4 11 28 44 68 92 128

0 1 2 3 0 1 2 3 0 1 2 0 1 2 3 0 1 2 3 0 1 2 0 1 2 3 0 1 0 1 2 3 0 1 2 3 0 1 2 0 1 2 3 0 0 1 2 3 0 1 2 3 0 1 2 0 1 2 3 0 1 2 3 0 1 2 0 1 0 1 2 3 0 1 2 3 0 1 2 0 1 2 3 0 1 2 3 0 1 2 0 1 0 1 2 3 0 1 2 3 0 1 2 0 1 2 3 0 1 2 3 0 1 2 0 1 2 3 0 1 0 1 2 3 0 1 2 3
88 91 12 28 89 18 89 11 28 89 11 28 89 11 22 88
44 48 89 14 44 84 44 88 94 44 88 94 44 88 91 44
22 24 44 82 22 42 22 44 42 22 44 42 22 44 48 22
11 02 20 41 10 21 10 22 01 10 22 01 10 22 04 11


88 91 12 28 89 18 89 11 28 89 11 28 89 11 22 88,1
44 48 89 14 44 84 44 88 94 44 88 94 44 88 91 44,-1
22 24 44 82 22 42 22 44 42 22 44 42 22 44 48 22,2
11 02 20 41 10 21 10 22 01 10 22 01 10 22 04 11,-2


s1 = 1 -1 2 -2 1 -1 2 -2 1 -1 2 1 -1 2 -2 1 -1 2 -2 1 -1 2 1 -1 2 -2 1 -1 1 -1 2 -2 1 -1 2 -2 1 -1 2 1 -1 2 -2 1 1 -1 2 -2 1 -1 2 -2 1 -1 2 1 -1 2 -2 1 -1 2 -2 1 -1 2 1 -1 1 -1 2 -2 1 -1 2 -2 1 -1 2 1 -1 2 -2 1 -1 2 -2 1 -1 2 1 -1 1 -1 2 -2 1 -1 2 -2 1 -1 2 1 -1 2 -2 1 -1 2 -2 1 -1 2 1 -1 2 -2 1 -1 1 -1 2 -2 1 -1 2 -2
s2 = 0
s4 = 1 2 3 4
s8 = 6 5 4 3
s16 = 0
s32 = 3 -3
s64 = 0
s128 = 0
