82 05 88 05 88 05 88 05 82 05 82 05 C2 04 82 05 
1A 01 1A 01 1A 01 1A 01 1A 01 1A 01 1A 01 1A 01 
20 8C 21 88 21 90 21 88 20 8C 20 8C 20 8C 20 8C 
08 D0 08 C2 18 82 08 C2 08 D0 08 C2 04 C2 08 C2 
04 29 04 68 04 68 04 68 04 29 04 0B 04 0B 04 0B 
1A C0 1A C0 1A C0 1A C0 1A C0 1A C0 1A C0 1A C0 
00 40 00 20 01 00 00 20 00 40 00 02 04 00 00 02 
58 20 D0 20 58 20 D0 20 58 20 58 20 58 20 58 20 
D0 20 58 20 4C 20 58 20 D0 20 58 20 D0 20 58 20 
01 00 08 00 02 00 08 00 01 00 00 01 80 00 00 01 
04 0B 04 29 04 A1 04 29 04 0B 04 0B 84 09 04 0B 
00 02 00 04 00 80 00 04 00 02 08 00 02 00 08 00