28 81 2C 80 2C 80 2C 80 28 81 20 85 28 81 20 85 
90 21 D0 20 58 20 D0 20 90 21 90 21 90 21 90 21 
04 00 01 00 02 00 01 00 04 00 40 00 04 00 40 00 
C8 02 C4 02 C4 02 C4 02 C8 02 C8 02 C8 02 C8 02 
02 0D 00 8D 00 8D 00 8D 02 0D 02 19 02 0D 02 19 
0B 10 0B 04 0B 10 0B 04 0B 10 0B 04 0B 10 0B 04 
58 20 58 20 58 20 58 20 58 20 58 80 58 20 58 80 
02 C4 02 C4 02 C4 02 C4 02 C4 02 C4 02 C4 02 C4 
D0 20 90 21 90 21 90 21 D0 20 58 20 D0 20 58 20 
11 A0 11 A0 11 A0 11 A0 11 A0 11 A0 11 A0 11 A0 
08 00 00 10 40 00 00 10 08 00 80 00 08 00 80 00 
11 A0 11 A0 11 A0 11 A0 11 A0 11 A0 11 A0 11 A0