80 80 80 80 80 80 80 80 80 80 80 80 80 80 80 80 
41 41 41 41 41 41 41 41 41 41 41 41 41 41 41 41 
22 22 22 22 22 22 22 22 22 22 22 22 22 22 22 22 
14 14 14 14 14 14 14 14 14 14 14 14 14 14 14 14 
08 08 08 08 08 08 08 08 08 08 08 08 08 08 08 08 
C2 08 52 08 52 08 52 08 C2 08 C2 04 C2 08 C2 04 
00 B1 04 A1 04 A1 04 A1 00 B1 04 A1 04 29 04 A1 
00 02 04 00 08 00 04 00 00 02 00 80 40 00 00 80 
C0 1A C0 1A C0 1A C0 1A C0 1A C0 1A C0 1A C0 1A 
20 85 30 81 30 81 30 81 20 85 00 8D 20 85 00 8D 
58 20 4C 20 4C 20 4C 20 58 20 58 80 58 82 58 80 
81 30 85 20 8D 00 85 20 81 30 81 30 81 30 81 30 
20 4C 20 4C 20 4C 20 4C 20 4C 20 58 20 4C 20 58 
B0 40 B1 00 A1 04 B1 00 B0 40 B0 40 98 40 B0 40 
46 80 06 81 06 81 06 81 46 80 46 80 46 80 46 80 
06 81 04 A1 0C 81 04 A1 06 81 04 A1 04 29 04 A1 
04 00 00 04 00 02 00 04 04 00 00 40 00 10 00 40 
04 A1 04 A1 00 B1 04 A1 04 A1 04 A1 00 B1 04 A1 
02 00 80 00 20 00 80 00 02 00 04 00 02 00 04 00 
04 68 04 68 10 68 04 68 04 68 04 29 04 68 04 29 
00 B1 00 B1 04 A1 00 B1 00 B1 00 B1 04 A1 00 B1